1724055647485 0.0010000000474974513 0
1724055669276 0.0009500000160187483 1
1724055691080 0.0009025000035762787 2
1724055712586 0.0008573749801144004 3
1724055733885 0.0008145062602125108 4
1724055755272 0.0007737809210084379 5
1724055777033 0.0007350919186137617 6
1724055798458 0.0006983372732065618 7
1724055820489 0.0006634204182773829 8
1724055842056 0.0006302493857219815 9
1724055863347 0.0005987369222566485 10
1724055884506 0.0005688000819645822 11
1724055905455 0.0005403601098805666 12
1724055926413 0.0005133420927450061 13
1724055947405 0.0004876749881077558 14
1724055968431 0.00046329121687449515 15
1724055989457 0.000440126663306728 16
1724056010477 0.00041812032577581704 17
1724056031240 0.0003972143167629838 18
1724056052375 0.0003773536009248346 19
1724056073626 0.00035848593688569963 20
1724056095637 0.00034056161530315876 21
1724056118417 0.000323533546179533 22
1724056140783 0.00030735688051208854 23
1724056163630 0.0002919890102930367 24
1724056185500 0.000277389568509534 25
1724056207250 0.0002635201090015471 26
1724056228900 0.00025034407735802233 27
1724056250570 0.00023782688367646188 28
1724056272346 0.00022593553876504302 29
1724056293732 0.00021463877055794 30
1724056315453 0.00020390682038851082 31
1724056336966 0.0001937114866450429 32
1724056358444 0.00018402590649202466 33
1724056380065 0.00017482461407780647 34
1724056402849 0.0001660833804635331 35
1724056425116 0.00015777921362314373 36
1724056446892 0.00014989025657996535 37
1724056468670 0.00014239574375096709 38
1724056490839 0.0001352759572910145 39
1724056512293 0.00012851215433329344 40
1724056534710 0.00012208655243739486 41
