1724055647485 46.394309997558594 0
1724055669276 42.16291427612305 1
1724055691080 58.546817779541016 2
1724055712586 41.80647659301758 3
1724055733885 41.885589599609375 4
1724055755272 49.95647430419922 5
1724055777033 38.513248443603516 6
1724055798458 48.19953155517578 7
1724055820489 47.06855392456055 8
1724055842056 39.76390075683594 9
1724055863347 37.3038330078125 10
1724055884506 38.49702835083008 11
1724055905455 43.0373649597168 12
1724055926413 41.78977966308594 13
1724055947405 42.600467681884766 14
1724055968431 34.152156829833984 15
1724055989457 45.00154495239258 16
1724056010477 46.0326042175293 17
1724056031240 39.51852035522461 18
1724056052375 31.512144088745117 19
1724056073626 35.254295349121094 20
1724056095637 39.32685470581055 21
1724056118417 27.550888061523438 22
1724056140783 31.294965744018555 23
1724056163630 37.98616027832031 24
1724056185500 39.12773513793945 25
1724056207250 31.195423126220703 26
1724056228900 34.06952667236328 27
1724056250570 40.38875961303711 28
1724056272346 38.3909912109375 29
1724056293732 37.36247253417969 30
1724056315453 41.07878875732422 31
1724056336966 39.24639892578125 32
1724056358444 51.51150894165039 33
1724056380065 31.665761947631836 34
1724056402849 34.743125915527344 35
1724056425116 35.37449645996094 36
1724056446892 44.74461364746094 37
1724056468670 37.26377868652344 38
1724056490839 31.07844352722168 39
1724056512293 45.17102813720703 40
1724056534710 33.748077392578125 41
