1724055647485 0.2665371894836426 0
1724055669276 0.10091328620910645 1
1724055691080 -0.21593916416168213 2
1724055712586 0.20641636848449707 3
1724055733885 0.12717854976654053 4
1724055755272 -0.17563748359680176 5
1724055777033 0.29478561878204346 6
1724055798458 0.3504505157470703 7
1724055820489 -0.07830226421356201 8
1724055842056 0.30841147899627686 9
1724055863347 0.5787369608879089 10
1724055884506 0.30263715982437134 11
1724055905455 0.4115908741950989 12
1724055926413 0.45233094692230225 13
1724055947405 0.13042163848876953 14
1724055968431 0.4240188002586365 15
1724055989457 0.07006174325942993 16
1724056010477 0.14633584022521973 17
1724056031240 0.2790060043334961 18
1724056052375 0.4240582585334778 19
1724056073626 0.6085308790206909 20
1724056095637 0.4100872874259949 21
1724056118417 0.4047513008117676 22
1724056140783 0.5261232852935791 23
1724056163630 0.4513273239135742 24
1724056185500 0.29832780361175537 25
1724056207250 0.7089999914169312 26
1724056228900 0.4738595485687256 27
1724056250570 0.458224356174469 28
1724056272346 0.38999223709106445 29
1724056293732 0.16510814428329468 30
1724056315453 0.30658262968063354 31
1724056336966 0.5939064025878906 32
1724056358444 0.07502192258834839 33
1724056380065 0.41746246814727783 34
1724056402849 0.4605367183685303 35
1724056425116 0.535678505897522 36
1724056446892 0.36581796407699585 37
1724056468670 0.38145196437835693 38
1724056490839 0.45165568590164185 39
1724056512293 0.35197746753692627 40
1724056534710 0.5130059123039246 41
