1724055647485 59.62987518310547 0
1724055669276 53.99832534790039 1
1724055691080 80.29076385498047 2
1724055712586 56.84608459472656 3
1724055733885 53.49666976928711 4
1724055755272 64.88346099853516 5
1724055777033 49.65300369262695 6
1724055798458 58.2734260559082 7
1724055820489 65.90731048583984 8
1724055842056 49.96738815307617 9
1724055863347 46.92426681518555 10
1724055884506 52.937950134277344 11
1724055905455 56.404727935791016 12
1724055926413 55.99755096435547 13
1724055947405 57.0150260925293 14
1724055968431 46.053016662597656 15
1724055989457 59.84095001220703 16
1724056010477 65.68546295166016 17
1724056031240 52.68196105957031 18
1724056052375 40.522464752197266 19
1724056073626 41.014896392822266 20
1724056095637 57.24516296386719 21
1724056118417 47.14809036254883 22
1724056140783 48.0940055847168 23
1724056163630 50.5482292175293 24
1724056185500 55.174827575683594 25
1724056207250 40.784542083740234 26
1724056228900 49.55058670043945 27
1724056250570 47.46370315551758 28
1724056272346 50.46419906616211 29
1724056293732 62.867347717285156 30
1724056315453 59.97844696044922 31
1724056336966 47.5325813293457 32
1724056358444 66.07713317871094 33
1724056380065 39.36259078979492 34
1724056402849 51.24800491333008 35
1724056425116 43.56458282470703 36
1724056446892 59.71757888793945 37
1724056468670 48.409400939941406 38
1724056490839 39.00428009033203 39
1724056512293 55.84324645996094 40
1724056534710 44.53096008300781 41
