1720532791437 0.015608676709234715 0
1720532798098 0.009233168326318264 1
1720532804719 0.009644918143749237 2
1720532811252 0.02777554839849472 3
1720532817803 0.0035281055606901646 4
1720532824370 0.004588770680129528 5
1720532831133 0.0006805034936405718 6
1720532837897 0.05912001430988312 7
1720532845107 0.007288440130650997 8
1720532851894 0.0024544994812458754 9
1720532859429 0.0003723200934473425 10
1720532866175 0.013904529623687267 11
1720532872860 0.007602716330438852 12
1720532879480 0.0342780165374279 13
1720532886271 0.0029754280112683773 14
1720532892781 0.022898543626070023 15
1720532899266 0.041982319205999374 16
1720532905721 0.016973378136754036 17
1720532912366 0.0008291993872262537 18
1720532918809 0.0004835088911931962 19
1720532925244 0.0019536870531737804 20
1720532931887 0.016496455296874046 21
1720532938361 0.0011595551623031497 22
1720532944771 0.01962633989751339 23
1720532951185 0.018170617520809174 24
1720532957615 0.0071352459490299225 25
1720532964465 0.004623954184353352 26
1720532971295 0.05100913345813751 27
1720532977835 0.02144424244761467 28
1720532984375 0.007068379316478968 29
1720532990940 0.04154469817876816 30
1720532997565 0.012284765020012856 31
1720533004097 0.00415970291942358 32
1720533010646 0.007722150534391403 33
1720533017300 0.014748051762580872 34
1720533023914 0.007810839917510748 35
1720533030461 0.01561269722878933 36
1720533037209 0.0018780251266434789 37
1720533044215 0.13840621709823608 38
1720533051286 0.0006178043549880385 39
1720533058367 0.028285065665841103 40
1720533065337 0.002750241896137595 41
1720533072518 0.003474628087133169 42
1720533079517 0.036791007965803146 43
1720533086801 0.012350060045719147 44
1720533093595 0.03629805147647858 45
1720533100316 0.06289107352495193 46
1720533107113 0.008374989964067936 47
1720533113939 0.048111751675605774 48
1720533120788 0.007433786056935787 49
