1720532791437 0.0010000000474974513 0
1720532798098 0.0009500000160187483 1
1720532804719 0.0009025000035762787 2
1720532811252 0.0008573749801144004 3
1720532817803 0.0008145062602125108 4
1720532824370 0.0007737809210084379 5
1720532831133 0.0007350919186137617 6
1720532837897 0.0006983372732065618 7
1720532845107 0.0006634204182773829 8
1720532851894 0.0006302493857219815 9
1720532859429 0.0005987369222566485 10
1720532866175 0.0005688000819645822 11
1720532872860 0.0005403601098805666 12
1720532879480 0.0005133420927450061 13
1720532886271 0.0004876749881077558 14
1720532892781 0.00046329121687449515 15
1720532899266 0.000440126663306728 16
1720532905721 0.00041812032577581704 17
1720532912366 0.0003972143167629838 18
1720532918809 0.0003773536009248346 19
1720532925244 0.00035848593688569963 20
1720532931887 0.00034056161530315876 21
1720532938361 0.000323533546179533 22
1720532944771 0.00030735688051208854 23
1720532951185 0.0002919890102930367 24
1720532957615 0.000277389568509534 25
1720532964465 0.0002635201090015471 26
1720532971295 0.00025034407735802233 27
1720532977835 0.00023782688367646188 28
1720532984375 0.00022593553876504302 29
1720532990940 0.00021463877055794 30
1720532997565 0.00020390682038851082 31
1720533004097 0.0001937114866450429 32
1720533010646 0.00018402590649202466 33
1720533017300 0.00017482461407780647 34
1720533023914 0.0001660833804635331 35
1720533030461 0.00015777921362314373 36
1720533037209 0.00014989025657996535 37
1720533044215 0.00014239574375096709 38
1720533051286 0.0001352759572910145 39
1720533058367 0.00012851215433329344 40
1720533065337 0.00012208655243739486 41
1720533072518 0.00011598222044995055 42
1720533079517 0.00011018310760846362 43
1720533086801 0.00010467395622981712 44
1720533093595 9.944025805452839e-05 45
1720533100316 9.446824697079137e-05 46
1720533107113 8.974483353085816e-05 47
1720533113939 8.525759039912373e-05 48
1720533120788 8.099470869638026e-05 49
