1720532791437 -0.4462231397628784 0
1720532798098 -0.3055448532104492 1
1720532804719 -0.24497771263122559 2
1720532811252 -0.21156322956085205 3
1720532817803 -0.19110703468322754 4
1720532824370 -0.1691601276397705 5
1720532831133 -0.15033972263336182 6
1720532837897 -0.1330714225769043 7
1720532845107 -0.12099003791809082 8
1720532851894 -0.11426162719726562 9
1720532859429 -0.10531961917877197 10
1720532866175 -0.09595596790313721 11
1720532872860 -0.09053373336791992 12
1720532879480 -0.08527827262878418 13
1720532886271 -0.08001828193664551 14
1720532892781 -0.07478070259094238 15
1720532899266 -0.07114982604980469 16
1720532905721 -0.06753504276275635 17
1720532912366 -0.06311297416687012 18
1720532918809 -0.05915987491607666 19
1720532925244 -0.05454885959625244 20
1720532931887 -0.05097639560699463 21
1720532938361 -0.04816782474517822 22
1720532944771 -0.04492545127868652 23
1720532951185 -0.04242098331451416 24
1720532957615 -0.039742350578308105 25
1720532964465 -0.03740835189819336 26
1720532971295 -0.035106778144836426 27
1720532977835 -0.03336822986602783 28
1720532984375 -0.031174063682556152 29
1720532990940 -0.028895020484924316 30
1720532997565 -0.026832222938537598 31
1720533004097 -0.025459647178649902 32
1720533010646 -0.023606181144714355 33
1720533017300 -0.02206289768218994 34
1720533023914 -0.02060246467590332 35
1720533030461 -0.019125938415527344 36
1720533037209 -0.0175933837890625 37
1720533044215 -0.01614856719970703 38
1720533051286 -0.014993429183959961 39
1720533058367 -0.013592839241027832 40
1720533065337 -0.012258291244506836 41
1720533072518 -0.011205196380615234 42
1720533079517 -0.010076761245727539 43
1720533086801 -0.008997201919555664 44
1720533093595 -0.007941365242004395 45
1720533100316 -0.006941080093383789 46
1720533107113 -0.00618290901184082 47
1720533113939 -0.005139946937561035 48
1720533120788 -0.004278063774108887 49
