1720529812128 0.08747801184654236 0
1720529819217 0.025309285148978233 1
1720529825771 0.051724858582019806 2
1720529832191 0.07306195795536041 3
1720529838693 0.18245865404605865 4
1720529845117 0.16397514939308167 5
1720529851571 0.2958940267562866 6
1720529858022 0.06487943977117538 7
1720529864366 0.14398027956485748 8
1720529870853 0.15101489424705505 9
1720529877412 0.08779262751340866 10
1720529883934 0.24596275389194489 11
1720529890409 0.4434411823749542 12
1720529896864 0.026270035654306412 13
1720529903320 0.2952231168746948 14
