1720529812128 -6.842457294464111 0
1720529819217 -2.1575229167938232 1
1720529825771 -0.17953801155090332 2
1720529832191 -18.83087730407715 3
1720529838693 -3.6922669410705566 4
1720529845117 -5.337779998779297 5
1720529851571 -113.50334167480469 6
1720529858022 -3.2419214248657227 7
1720529864366 -60.15790557861328 8
1720529870853 -358.85577392578125 9
1720529877412 -17.828018188476562 10
1720529883934 -46.34266662597656 11
1720529890409 -15.618000030517578 12
1720529896864 -13.045722007751465 13
1720529903320 -27.139371871948242 14
