1720605711158 0.023941462859511375 0
1720605722862 0.033313870429992676 1
1720605734459 0.026724614202976227 2
1720605746611 0.03328381106257439 3
1720605758335 0.04327624291181564 4
1720605769954 0.021051989868283272 5
1720605781550 0.020759832113981247 6
1720605793281 0.06458369642496109 7
1720605804910 0.03441619500517845 8
1720605816737 0.01779995858669281 9
1720605828381 0.02118157222867012 10
1720605841243 0.01519721932709217 11
1720605853794 0.024695036932826042 12
1720605865596 0.023308681324124336 13
1720605877467 0.03812215477228165 14
1720605889569 0.02867175079882145 15
1720605901528 0.03108491376042366 16
1720605913255 0.032554034143686295 17
1720605925346 0.025569386780261993 18
1720605937930 0.025826314464211464 19
