1720605711158 0.0010000000474974513 0
1720605722862 0.0009899999713525176 1
1720605734459 0.000980100012384355 2
1720605746611 0.0009702990064397454 3
1720605758335 0.0009605960221961141 4
1720605769954 0.0009509900701232255 5
1720605781550 0.0009414801606908441 6
1720605793281 0.0009320653625763953 7
1720605804910 0.0009227446862496436 8
1720605816737 0.0009135172585956752 9
1720605828381 0.0009043820900842547 10
1720605841243 0.0008953382493928075 11
1720605853794 0.0008863848634064198 12
1720605865596 0.0008775210008025169 13
1720605877467 0.0008687457884661853 14
1720605889569 0.0008600583532825112 15
1720605901528 0.00085145776392892 16
1720605913255 0.0008429432054981589 17
1720605925346 0.0008345137466676533 18
1720605937930 0.0008261686307378113 19
