1720605711158 -1.0482890605926514 0
1720605722862 -0.670979380607605 1
1720605734459 -0.5108436346054077 2
1720605746611 -0.4201803207397461 3
1720605758335 -0.35771870613098145 4
1720605769954 -0.320454478263855 5
1720605781550 -0.2906697988510132 6
1720605793281 -0.2677950859069824 7
1720605804910 -0.24618446826934814 8
1720605816737 -0.22805428504943848 9
1720605828381 -0.21084177494049072 10
1720605841243 -0.19614696502685547 11
1720605853794 -0.18458783626556396 12
1720605865596 -0.17305243015289307 13
1720605877467 -0.1621166467666626 14
1720605889569 -0.15279316902160645 15
1720605901528 -0.14375805854797363 16
1720605913255 -0.13650214672088623 17
1720605925346 -0.12854182720184326 18
1720605937930 -0.12221252918243408 19
