1720530641885 0.013202947564423084 0
1720530648348 0.042939167469739914 1
1720530654858 0.0038935476914048195 2
1720530661340 0.002296348800882697 3
1720530667790 0.0009142618509940803 4
1720530674295 0.05107879638671875 5
1720530680716 0.020946476608514786 6
1720530687050 0.08375291526317596 7
1720530693439 0.07573246210813522 8
1720530699854 0.023044569417834282 9
1720530706202 0.015712538734078407 10
1720530712647 0.05199484899640083 11
1720530719086 0.0026913676410913467 12
1720530725478 0.012383520603179932 13
1720530731839 0.0008386114495806396 14
1720530738336 0.024171344935894012 15
1720530744591 0.006152455694973469 16
1720530751088 0.004526662640273571 17
1720530757536 0.0011742048664018512 18
1720530763844 0.05901689454913139 19
1720530770218 0.06725526601076126 20
1720530776681 0.004904594272375107 21
1720530783080 0.012878771871328354 22
1720530789404 0.0010241972049698234 23
1720530795829 0.03374126926064491 24
1720530802214 0.022861124947667122 25
1720530808539 0.009026698768138885 26
1720530815017 0.015416117385029793 27
1720530821402 0.03037816286087036 28
1720530827880 0.008972620591521263 29
1720530834277 0.0016977530904114246 30
1720530840720 0.05428797006607056 31
1720530847084 0.04485702142119408 32
1720530853426 0.036524541676044464 33
1720530859844 0.00718486774712801 34
1720530866217 0.012915827333927155 35
1720530872617 0.0138236777856946 36
1720530879146 0.07238980382680893 37
1720530885599 0.0036048043984919786 38
1720530892047 0.02425634302198887 39
1720530898522 0.05114038288593292 40
1720530904930 0.06135706603527069 41
1720530911426 0.058748167008161545 42
1720530917884 0.06266115605831146 43
1720530924336 0.10577750951051712 44
1720530930818 0.006929479539394379 45
1720530937266 0.007434157654643059 46
1720530943623 0.00322210555896163 47
1720530950081 0.01873699575662613 48
1720530956611 0.018211279064416885 49
