1720530641885 0.0010000000474974513 0
1720530648348 0.0009500000160187483 1
1720530654858 0.0009025000035762787 2
1720530661340 0.0008573749801144004 3
1720530667790 0.0008145062602125108 4
1720530674295 0.0007737809210084379 5
1720530680716 0.0007350919186137617 6
1720530687050 0.0006983372732065618 7
1720530693439 0.0006634204182773829 8
1720530699854 0.0006302493857219815 9
1720530706202 0.0005987369222566485 10
1720530712647 0.0005688000819645822 11
1720530719086 0.0005403601098805666 12
1720530725478 0.0005133420927450061 13
1720530731839 0.0004876749881077558 14
1720530738336 0.00046329121687449515 15
1720530744591 0.000440126663306728 16
1720530751088 0.00041812032577581704 17
1720530757536 0.0003972143167629838 18
1720530763844 0.0003773536009248346 19
1720530770218 0.00035848593688569963 20
1720530776681 0.00034056161530315876 21
1720530783080 0.000323533546179533 22
1720530789404 0.00030735688051208854 23
1720530795829 0.0002919890102930367 24
1720530802214 0.000277389568509534 25
1720530808539 0.0002635201090015471 26
1720530815017 0.00025034407735802233 27
1720530821402 0.00023782688367646188 28
1720530827880 0.00022593553876504302 29
1720530834277 0.00021463877055794 30
1720530840720 0.00020390682038851082 31
1720530847084 0.0001937114866450429 32
1720530853426 0.00018402590649202466 33
1720530859844 0.00017482461407780647 34
1720530866217 0.0001660833804635331 35
1720530872617 0.00015777921362314373 36
1720530879146 0.00014989025657996535 37
1720530885599 0.00014239574375096709 38
1720530892047 0.0001352759572910145 39
1720530898522 0.00012851215433329344 40
1720530904930 0.00012208655243739486 41
1720530911426 0.00011598222044995055 42
1720530917884 0.00011018310760846362 43
1720530924336 0.00010467395622981712 44
1720530930818 9.944025805452839e-05 45
1720530937266 9.446824697079137e-05 46
1720530943623 8.974483353085816e-05 47
1720530950081 8.525759039912373e-05 48
1720530956611 8.099470869638026e-05 49
