1720530641885 -3.4242234230041504 0
1720530648348 -5.142143249511719 1
1720530654858 0.18324178457260132 2
1720530661340 -0.2364335060119629 3
1720530667790 0.8756216764450073 4
1720530674295 -9.182229995727539 5
1720530680716 -22.984272003173828 6
1720530687050 -1.7962749004364014 7
1720530693439 -2.5986297130584717 8
1720530699854 -0.8728548288345337 9
1720530706202 -29.327320098876953 10
1720530712647 -11.212214469909668 11
1720530719086 -1.0291953086853027 12
1720530725478 -0.009180545806884766 13
1720530731839 -13.568537712097168 14
1720530738336 -4.3009185791015625 15
1720530744591 -23.23456573486328 16
1720530751088 -0.015416741371154785 17
1720530757536 -3.625065803527832 18
1720530763844 -0.1375899314880371 19
1720530770218 -4.319373607635498 20
1720530776681 -3.026444911956787 21
1720530783080 0.46765005588531494 22
1720530789404 -0.23211121559143066 23
1720530795829 -7.508159637451172 24
1720530802214 -38.6444091796875 25
1720530808539 -0.12614989280700684 26
1720530815017 0.0 27
1720530821402 -1.7117164134979248 28
1720530827880 0.2586662769317627 29
1720530834277 0.4614296555519104 30
1720530840720 -1.526505947113037 31
1720530847084 -0.20589733123779297 32
1720530853426 -0.8740441799163818 33
1720530859844 -2.7101571559906006 34
1720530866217 -0.6876968145370483 35
1720530872617 -0.7542135715484619 36
1720530879146 -1.9432528018951416 37
1720530885599 -1.8347618579864502 38
1720530892047 -1.3749170303344727 39
1720530898522 -1.0106160640716553 40
1720530904930 -1.3295605182647705 41
1720530911426 -5.151656150817871 42
1720530917884 -3.698939800262451 43
1720530924336 -0.308052659034729 44
1720530930818 -3.8053393363952637 45
1720530937266 0.4483299255371094 46
1720530943623 -5.219188213348389 47
1720530950081 0.0 48
1720530956611 -10.721967697143555 49
