1720533637535 0.03665538504719734 0
1720533643687 0.012372284196317196 1
1720533650511 0.019439442083239555 2
1720533656928 0.03431057929992676 3
1720533663603 0.0016433786367997527 4
1720533670118 0.06823310256004333 5
1720533676576 0.04867871105670929 6
1720533683014 0.21311703324317932 7
1720533689521 0.00380783062428236 8
1720533696009 0.021652542054653168 9
1720533702618 0.012217952869832516 10
1720533709071 0.0640503466129303 11
1720533715905 0.0001305173645960167 12
1720533722288 0.011256729252636433 13
1720533729377 0.00521484948694706 14
1720533735972 0.0425528921186924 15
1720533742590 0.0167709868401289 16
1720533749535 0.027812188491225243 17
1720533756525 0.002009027637541294 18
1720533763314 0.046664126217365265 19
1720533770217 0.04322772100567818 20
1720533776911 0.023119524121284485 21
1720533783797 0.061492204666137695 22
1720533790587 0.17712444067001343 23
1720533797284 0.014650756493210793 24
1720533804572 0.009037141688168049 25
1720533811186 0.014769140630960464 26
1720533817789 0.013205203227698803 27
1720533824616 0.06318695098161697 28
1720533831318 0.010713968425989151 29
1720533837977 0.02221030741930008 30
1720533844560 0.09586338698863983 31
1720533851181 0.021442541852593422 32
1720533858005 0.004308450501412153 33
1720533864780 0.02242516539990902 34
1720533871407 0.04475344717502594 35
1720533877899 0.01348240114748478 36
1720533884753 0.026323670521378517 37
1720533891464 0.002873559482395649 38
1720533898349 0.021279005333781242 39
1720533904978 0.013348812237381935 40
1720533911592 0.040966734290122986 41
1720533918232 0.025181356817483902 42
1720533924865 0.013317093253135681 43
1720533931831 0.00520547479391098 44
1720533938779 0.025100532919168472 45
1720533945577 0.006172104272991419 46
1720533952786 0.01207716017961502 47
1720533959596 0.00027258615591563284 48
1720533966366 0.03864867240190506 49
