1720533637535 0.009999999776482582 0
1720533643687 0.009499999694526196 1
1720533650511 0.009025000035762787 2
1720533656928 0.008573750033974648 3
1720533663603 0.008145062252879143 4
1720533670118 0.0077378093264997005 5
1720533676576 0.007350918836891651 6
1720533683014 0.00698337284848094 7
1720533689521 0.0066342041827738285 8
1720533696009 0.006302494090050459 9
1720533702618 0.005987369455397129 10
1720533709071 0.005688000936061144 11
1720533715905 0.005403601098805666 12
1720533722288 0.005133420694619417 13
1720533729377 0.004876749590039253 14
1720533735972 0.004632912110537291 15
1720533742590 0.004401266574859619 16
1720533749535 0.004181203432381153 17
1720533756525 0.003972143400460482 18
1720533763314 0.003773536067456007 19
1720533770217 0.0035848591942340136 20
1720533776911 0.0034056161530315876 21
1720533783797 0.00323533546179533 22
1720533790587 0.0030735686887055635 23
1720533797284 0.002919890219345689 24
1720533804572 0.002773895626887679 25
1720533811186 0.002635200973600149 26
1720533817789 0.002503440948203206 27
1720533824616 0.002378268865868449 28
1720533831318 0.002259355504065752 29
1720533837977 0.0021463877055794 30
1720533844560 0.0020390681456774473 31
1720533851181 0.001937114866450429 32
1720533858005 0.0018402590649202466 33
1720533864780 0.0017482461407780647 34
1720533871407 0.0016608338337391615 35
1720533877899 0.0015777921071276069 36
1720533884753 0.0014989025657996535 37
1720533891464 0.0014239574084058404 38
1720533898349 0.0013527595438063145 39
1720533904978 0.0012851215433329344 40
1720533911592 0.0012208655243739486 41
1720533918232 0.0011598222190514207 42
1720533924865 0.0011018310906365514 43
1720533931831 0.0010467395186424255 44
1720533938779 0.0009944025659933686 45
1720533945577 0.0009446824551559985 46
1720533952786 0.0008974483353085816 47
1720533959596 0.0008525758748874068 48
1720533966366 0.0008099470869638026 49
