1720533637535 -142.49981689453125 0
1720533643687 -71.47181701660156 1
1720533650511 -47.749900817871094 2
1720533656928 -35.88081359863281 3
1720533663603 -28.789270401000977 4
1720533670118 -24.037263870239258 5
1720533676576 -20.671077728271484 6
1720533683014 -18.114377975463867 7
1720533689521 -16.131797790527344 8
1720533696009 -14.530959129333496 9
1720533702618 -13.221308708190918 10
1720533709071 -12.131303787231445 11
1720533715905 -11.210474014282227 12
1720533722288 -10.415495872497559 13
1720533729377 -9.727875709533691 14
1720533735972 -9.125723838806152 15
1720533742590 -8.594225883483887 16
1720533749535 -8.120367050170898 17
1720533756525 -7.69570255279541 18
1720533763314 -7.313207626342773 19
1720533770217 -6.967596054077148 20
1720533776911 -6.653620719909668 21
1720533783797 -6.366940498352051 22
1720533790587 -6.104861736297607 23
1720533797284 -5.863304138183594 24
1720533804572 -5.639531135559082 25
1720533811186 -5.432301998138428 26
1720533817789 -5.239450454711914 27
1720533824616 -5.06057596206665 28
1720533831318 -4.893230438232422 29
1720533837977 -4.737178325653076 30
1720533844560 -4.590981483459473 31
1720533851181 -4.4538187980651855 32
1720533858005 -4.3240203857421875 33
1720533864780 -4.201488018035889 34
1720533871407 -4.0856757164001465 35
1720533877899 -3.9762496948242188 36
1720533884753 -3.872706413269043 37
1720533891464 -3.774059772491455 38
1720533898349 -3.6804275512695312 39
1720533904978 -3.591320037841797 40
1720533911592 -3.506469249725342 41
1720533918232 -3.4256486892700195 42
1720533924865 -3.3484721183776855 43
1720533931831 -3.2745184898376465 44
1720533938779 -3.203477382659912 45
1720533945577 -3.1356425285339355 46
1720533952786 -3.0705723762512207 47
1720533959596 -3.008028030395508 48
1720533966366 -2.9482836723327637 49
