1720620165364 13178.3154296875 0
1720620171794 11207.4755859375 1
1720620178035 9240.1787109375 2
1720620184402 9682.841796875 3
1720620190649 10691.8701171875 4
1720620196840 9528.9990234375 5
1720620203647 10145.9892578125 6
1720620209989 10579.71484375 7
1720620216342 9904.71484375 8
1720620222836 11024.697265625 9
1720620229097 6907.07958984375 10
1720620235841 10879.369140625 11
1720620242440 12169.234375 12
1720620248821 10094.099609375 13
1720620255243 10100.49609375 14
1720620261755 9288.0703125 15
1720620268463 10994.7587890625 16
1720620274826 14044.6103515625 17
1720620281332 13697.564453125 18
1720620287566 12110.0625 19
