1720620165364 0.0010000000474974513 0
1720620171794 0.0008999999845400453 1
1720620178035 0.0008099999977275729 2
1720620184402 0.00072900002123788 3
1720620190649 0.0006560999900102615 4
1720620196840 0.0005904900026507676 5
1720620203647 0.0005314410082064569 6
1720620209989 0.00047829688992351294 7
1720620216342 0.0004304672183934599 8
1720620222836 0.00038742049946449697 9
1720620229097 0.00034867844078689814 10
1720620235841 0.0003138105967082083 11
1720620242440 0.0002824295370373875 12
1720620248821 0.0002541865687817335 13
1720620255243 0.00022876792354509234 14
1720620261755 0.00020589113410096616 15
1720620268463 0.00018530202214606106 16
1720620274826 0.0001667718170210719 17
1720620281332 0.00015009463822934777 18
1720620287566 0.00013508516713045537 19
