1720620165364 -0.2359766960144043 0
1720620171794 -0.12210416793823242 1
1720620178035 -0.10161948204040527 2
1720620184402 -0.09737157821655273 3
1720620190649 0.015114188194274902 4
1720620196840 0.06572127342224121 5
1720620203647 0.0048583149909973145 6
1720620209989 -0.004230856895446777 7
1720620216342 0.07489210367202759 8
1720620222836 0.037287890911102295 9
1720620229097 0.11957871913909912 10
1720620235841 -0.03979623317718506 11
1720620242440 0.003959000110626221 12
1720620248821 -0.08456563949584961 13
1720620255243 0.0199429988861084 14
1720620261755 0.042998313903808594 15
1720620268463 -0.11180436611175537 16
1720620274826 -0.040467023849487305 17
1720620281332 -0.029581308364868164 18
1720620287566 0.008561134338378906 19
