1720620165364 114.79683685302734 0
1720620171794 105.86536407470703 1
1720620178035 96.12584686279297 2
1720620184402 98.40142822265625 3
1720620190649 103.40150451660156 4
1720620196840 97.61658477783203 5
1720620203647 100.727294921875 6
1720620209989 102.85774230957031 7
1720620216342 99.52243041992188 8
1720620222836 104.99856567382812 9
1720620229097 83.10884094238281 10
1720620235841 104.3042221069336 11
1720620242440 110.31425476074219 12
1720620248821 100.46939849853516 13
1720620255243 100.501220703125 14
1720620261755 96.37464141845703 15
1720620268463 104.85589599609375 16
1720620274826 118.50995635986328 17
1720620281332 117.0365982055664 18
1720620287566 110.04572296142578 19
