1720534049662 0.5220897197723389 0
1720534056102 0.5555620193481445 1
1720534062456 0.05782325565814972 2
1720534068663 0.052016183733940125 3
1720534074769 0.3413235545158386 4
1720534080909 0.014821724034845829 5
1720534087090 0.28334054350852966 6
1720534093177 0.04966375231742859 7
1720534099383 0.03284456208348274 8
1720534105686 0.0466243214905262 9
1720534111817 0.0646272525191307 10
1720534118030 0.0541461743414402 11
1720534124325 0.19679386913776398 12
1720534130512 0.10825221240520477 13
1720534136686 0.10781608521938324 14
1720534142965 0.0488201305270195 15
1720534149192 0.05527211353182793 16
1720534155546 0.16300688683986664 17
1720534161894 0.010998261161148548 18
1720534168416 0.09808596968650818 19
1720534175074 0.0671270340681076 20
1720534181790 0.20021311938762665 21
1720534188422 0.5014580488204956 22
1720534195077 0.02469102293252945 23
1720534201865 0.3644135296344757 24
1720534208487 0.05582026392221451 25
1720534215236 0.008874437771737576 26
1720534221984 0.058826252818107605 27
1720534228625 0.0655546486377716 28
1720534235564 0.2094178944826126 29
1720534242793 0.5014433264732361 30
1720534249747 0.18083754181861877 31
1720534256650 0.05099867284297943 32
1720534263665 0.02094418741762638 33
1720534270764 0.12058794498443604 34
1720534278020 0.14842712879180908 35
1720534285073 0.017052924260497093 36
1720534292389 0.038580793887376785 37
1720534300447 0.04613324627280235 38
1720534308221 0.3431400954723358 39
1720534315486 0.2990083694458008 40
1720534322788 0.18127915263175964 41
1720534330378 0.015488624572753906 42
1720534337487 0.02288832515478134 43
1720534344633 0.04398433491587639 44
1720534351899 0.04067838564515114 45
1720534358815 0.061286792159080505 46
