1720534049662 0.10000000149011612 0
1720534056102 0.0949999988079071 1
1720534062456 0.09025000035762787 2
1720534068663 0.08573749661445618 3
1720534074769 0.08145062625408173 4
1720534080909 0.07737809419631958 5
1720534087090 0.07350918650627136 6
1720534093177 0.06983373314142227 7
1720534099383 0.06634204089641571 8
1720534105686 0.06302493810653687 9
1720534111817 0.05987369269132614 10
1720534118030 0.056880008429288864 11
1720534124325 0.054036010056734085 12
1720534130512 0.051334209740161896 13
1720534136686 0.04876749962568283 14
1720534142965 0.04632912203669548 15
1720534149192 0.04401266574859619 16
1720534155546 0.04181203246116638 17
1720534161894 0.03972143307328224 18
1720534168416 0.037735361605882645 19
1720534175074 0.03584859147667885 20
1720534181790 0.0340561643242836 21
1720534188422 0.03235335275530815 22
1720534195077 0.030735686421394348 23
1720534201865 0.0291989017277956 24
1720534208487 0.02773895673453808 25
1720534215236 0.026352008804678917 26
1720534221984 0.025034409016370773 27
1720534228625 0.02378268912434578 28
1720534235564 0.022593554109334946 29
1720534242793 0.021463876590132713 30
1720534249747 0.02039068192243576 31
1720534256650 0.019371148198843002 32
1720534263665 0.018402591347694397 33
1720534270764 0.017482461407780647 34
1720534278020 0.016608338803052902 35
1720534285073 0.015777921304106712 36
1720534292389 0.014989024959504604 37
1720534300447 0.01423957385122776 38
1720534308221 0.013527595438063145 39
1720534315486 0.012851215898990631 40
1720534322788 0.012208654545247555 41
1720534330378 0.011598221957683563 42
1720534337487 0.01101831067353487 43
1720534344633 0.010467395186424255 44
1720534351899 0.009944025427103043 45
1720534358815 0.009446823969483376 46
