1720534049662 -1317276.5 0
1720534056102 -658650.6875 1
1720534062456 -439105.25 2
1720534068663 -329330.53125 3
1720534074769 -263464.8125 4
1720534080909 -219554.765625 5
1720534087090 -188189.65625 6
1720534093177 -164666.65625 7
1720534099383 -146370.453125 8
1720534105686 -131733.703125 9
1720534111817 -119758.0859375 10
1720534118030 -109778.5625 11
1720534124325 -101334.3515625 12
1720534130512 -94096.6796875 13
1720534136686 -87823.8984375 14
1720534142965 -82335.2109375 15
1720534149192 -77492.203125 16
1720534155546 -73187.359375 17
1720534161894 -69335.5859375 18
1720534168416 -65869.1015625 19
1720534175074 -62732.69921875 20
1720534181790 -59881.359375 21
1720534188422 -57277.953125 22
1720534195077 -54891.609375 23
1720534201865 -52696.12890625 24
1720534208487 -50669.5625 25
1720534215236 -48793.08203125 26
1720534221984 -47050.67578125 27
1720534228625 -45428.3984375 28
1720534235564 -43914.34375 29
1720534242793 -42497.95703125 30
1720534249747 -41169.90625 31
1720534256650 -39922.5 32
1720534263665 -38748.4140625 33
1720534270764 -37641.4140625 34
1720534278020 -36595.84375 35
1720534285073 -35606.8359375 36
1720534292389 -34669.83984375 37
1720534300447 -33780.9609375 38
1720534308221 -32936.60546875 39
1720534315486 -32133.40625 40
1720534322788 -31368.3671875 41
1720534330378 -30638.859375 42
1720534337487 -29942.66796875 43
1720534344633 -29277.328125 44
1720534351899 -28640.884765625 45
1720534358815 -28031.529296875 46
