1720607995786 0.04830290377140045 0
1720608002996 0.027375180274248123 1
1720608010128 0.029080310836434364 2
1720608017306 0.022087253630161285 3
1720608024499 0.025476960465312004 4
1720608031486 0.02207418903708458 5
1720608038635 0.023519953712821007 6
1720608045832 0.018995270133018494 7
1720608052940 0.02631554566323757 8
1720608060599 0.033114250749349594 9
1720608067804 0.027209263294935226 10
1720608075102 0.02129637636244297 11
1720608082342 0.02569499984383583 12
1720608089571 0.022715354338288307 13
1720608096872 0.02822263538837433 14
1720608104128 0.025747813284397125 15
1720608111363 0.018334830179810524 16
1720608118602 0.023309605196118355 17
1720608125871 0.032456282526254654 18
1720608133182 0.028638873249292374 19
1720608140468 0.02959052473306656 20
1720608147728 0.021748382598161697 21
1720608155076 0.02898382768034935 22
1720608162303 0.03428994491696358 23
1720608169819 0.02209882065653801 24
1720608177347 0.025249235332012177 25
