1720607995786 0.0010000000474974513 0
1720608002996 0.0008999999845400453 1
1720608010128 0.0008099999977275729 2
1720608017306 0.00072900002123788 3
1720608024499 0.0006560999900102615 4
1720608031486 0.0005904900026507676 5
1720608038635 0.0005314410082064569 6
1720608045832 0.00047829688992351294 7
1720608052940 0.0004304672183934599 8
1720608060599 0.00038742049946449697 9
1720608067804 0.00034867844078689814 10
1720608075102 0.0003138105967082083 11
1720608082342 0.0002824295370373875 12
1720608089571 0.0002541865687817335 13
1720608096872 0.00022876792354509234 14
1720608104128 0.00020589113410096616 15
1720608111363 0.00018530202214606106 16
1720608118602 0.0001667718170210719 17
1720608125871 0.00015009463822934777 18
1720608133182 0.00013508516713045537 19
1720608140468 0.00012157665332779288 20
1720608147728 0.00010941898653982207 21
1720608155076 9.847708861343563e-05 22
1720608162303 8.862937829690054e-05 23
1720608169819 7.976643973961473e-05 24
1720608177347 7.178980013122782e-05 25
