1720607995786 -0.9930645227432251 0
1720608002996 -0.24998795986175537 1
1720608010128 -0.18385541439056396 2
1720608017306 -0.12937498092651367 3
1720608024499 -0.21653330326080322 4
1720608031486 -0.05605804920196533 5
1720608038635 -0.03237175941467285 6
1720608045832 -0.06321930885314941 7
1720608052940 -0.26611411571502686 8
1720608060599 -0.30322301387786865 9
1720608067804 -0.0639873743057251 10
1720608075102 -0.03458905220031738 11
1720608082342 -0.14559459686279297 12
1720608089571 0.014068365097045898 13
1720608096872 -0.17057597637176514 14
1720608104128 -0.062154173851013184 15
1720608111363 -0.028387904167175293 16
1720608118602 -6.0439109802246094e-05 17
1720608125871 -0.15711355209350586 18
1720608133182 -0.08721756935119629 19
1720608140468 -0.07092368602752686 20
1720608147728 -0.005511283874511719 21
1720608155076 -0.03316450119018555 22
1720608162303 -0.1532832384109497 23
1720608169819 -0.04863238334655762 24
1720608177347 0.006702125072479248 25
