1720533227888 0.10752749443054199 0
1720533234237 0.02850634604692459 1
1720533240629 0.0243743434548378 2
1720533246948 0.05931825563311577 3
1720533253812 0.027005642652511597 4
1720533260517 0.016598863527178764 5
1720533267714 0.003142652101814747 6
1720533274041 0.029217921197414398 7
1720533280582 0.037233468145132065 8
1720533287054 0.020296461880207062 9
1720533293527 0.013032502494752407 10
1720533300037 0.02150578610599041 11
1720533306694 0.024422284215688705 12
1720533313380 0.023988859727978706 13
1720533319871 0.025029465556144714 14
1720533326391 0.04486508667469025 15
1720533333011 0.016370626166462898 16
1720533339655 0.007895371876657009 17
1720533346527 0.013350512832403183 18
1720533353051 0.006914790254086256 19
1720533359531 0.010418327525258064 20
1720533366007 0.06426257640123367 21
1720533372414 0.06672181189060211 22
1720533378886 0.007954210974276066 23
1720533385378 0.02046888880431652 24
1720533391883 0.03227587789297104 25
1720533398401 0.002350900787860155 26
1720533404803 0.06210733577609062 27
1720533411365 0.05862085521221161 28
1720533417775 0.003479959676042199 29
1720533424206 0.019860507920384407 30
1720533430684 0.001499352976679802 31
1720533437172 0.03922368586063385 32
1720533443916 0.02567365951836109 33
1720533450461 0.02024077996611595 34
1720533457220 0.006138859316706657 35
1720533463733 0.013647115789353848 36
1720533470250 0.006671355105936527 37
1720533476808 0.002398831071332097 38
1720533483281 0.021778151392936707 39
1720533489939 0.0057384236715734005 40
1720533496874 0.019335759803652763 41
1720533503350 0.028522327542304993 42
1720533509941 0.014701002277433872 43
1720533516403 0.0770396962761879 44
1720533522848 0.039054445922374725 45
1720533529261 0.07434417307376862 46
1720533535602 0.017658673226833344 47
1720533541754 0.06661751866340637 48
1720533548505 0.0242474302649498 49
