1720533227888 0.009999999776482582 0
1720533234237 0.00800000037997961 1
1720533240629 0.006399999838322401 2
1720533246948 0.005119999870657921 3
1720533253812 0.004095999989658594 4
1720533260517 0.003276800038293004 5
1720533267714 0.0026214399840682745 6
1720533274041 0.002097151940688491 7
1720533280582 0.0016777216223999858 8
1720533287054 0.0013421772746369243 9
1720533293527 0.0010737418197095394 10
1720533300037 0.0008589934441260993 11
1720533306694 0.0006871947553008795 12
1720533313380 0.0005497558158822358 13
1720533319871 0.0004398046585265547 14
1720533326391 0.0003518437151797116 15
1720533333011 0.00028147498960606754 16
1720533339655 0.00022517997422255576 17
1720533346527 0.0001801439793780446 18
1720533353051 0.00014411518350243568 19
1720533359531 0.00011529215407790616 20
1720533366007 9.223372035194188e-05 21
1720533372414 7.378697773674503e-05 22
1720533378886 5.9029582189396024e-05 23
1720533385378 4.7223664296325296e-05 24
1720533391883 3.777893289225176e-05 25
1720533398401 3.0223145586205646e-05 26
1720533404803 2.4178516468964517e-05 27
1720533411365 1.9342813175171614e-05 28
1720533417775 1.547425017633941e-05 29
1720533424206 1.237940068676835e-05 30
1720533430684 9.90352054941468e-06 31
1720533437172 7.922816621430684e-06 32
1720533443916 6.338253115245607e-06 33
1720533450461 5.070602583145956e-06 34
1720533457220 4.056481884617824e-06 35
1720533463733 3.2451855531689944e-06 36
1720533470250 2.5961485334846657e-06 37
1720533476808 2.0769186903635273e-06 38
1720533483281 1.6615349522908218e-06 39
1720533489939 1.329227984570025e-06 40
1720533496874 1.063382342181285e-06 41
1720533503350 8.507059305884468e-07 42
1720533509941 6.805647103647061e-07 43
1720533516403 5.444517796604487e-07 44
1720533522848 4.3556141804401705e-07 45
1720533529261 3.4844913443521364e-07 46
1720533535602 2.78759301863829e-07 47
1720533541754 2.230074471754051e-07 48
1720533548505 1.7840595489815314e-07 49
