1720533227888 -100.18231964111328 0
1720533234237 -50.40705871582031 1
1720533240629 -33.74030685424805 2
1720533246948 -25.370689392089844 3
1720533253812 -20.35386085510254 4
1720533260517 -16.996007919311523 5
1720533267714 -14.595810890197754 6
1720533274041 -12.789271354675293 7
1720533280582 -11.384939193725586 8
1720533287054 -10.261582374572754 9
1720533293527 -9.34196949005127 10
1720533300037 -8.576886177062988 11
1720533306694 -7.928450584411621 12
1720533313380 -7.373568534851074 13
1720533319871 -6.891704082489014 14
1720533326391 -6.470017910003662 15
1720533333011 -6.097156047821045 16
1720533339655 -5.7649712562561035 17
1720533346527 -5.467378616333008 18
1720533353051 -5.199982643127441 19
1720533359531 -4.9569597244262695 20
1720533366007 -4.736844062805176 21
1720533372414 -4.535433769226074 22
1720533378886 -4.3509745597839355 23
1720533385378 -4.1820831298828125 24
1720533391883 -4.025569915771484 25
1720533398401 -3.8812389373779297 26
1720533404803 -3.746490001678467 27
1720533411365 -3.6209640502929688 28
1720533417775 -3.503112316131592 29
1720533424206 -3.393507480621338 30
1720533430684 -3.290897846221924 31
1720533437172 -3.1942100524902344 32
1720533443916 -3.103947162628174 33
1720533450461 -3.018583297729492 34
1720533457220 -2.9376955032348633 35
1720533463733 -2.8612632751464844 36
1720533470250 -2.788431167602539 37
1720533476808 -2.7190518379211426 38
1720533483281 -2.653651237487793 39
1720533489939 -2.591899871826172 40
1720533496874 -2.53257417678833 41
1720533503350 -2.476336717605591 42
1720533509941 -2.4227211475372314 43
1720533516403 -2.370717763900757 44
1720533522848 -2.3215386867523193 45
1720533529261 -2.274655818939209 46
1720533535602 -2.2294719219207764 47
1720533541754 -2.1862680912017822 48
1720533548505 -2.1449053287506104 49
