1720606912111 0.03944583237171173 0
1720606918140 0.02827724814414978 1
1720606924529 0.024257563054561615 2
1720606930794 0.023722970858216286 3
1720606937161 0.022881072014570236 4
1720606943113 0.026890132576227188 5
1720606949096 0.027921326458454132 6
1720606955302 0.02860284224152565 7
1720606961199 0.02572714537382126 8
1720606967079 0.02542959339916706 9
1720606972936 0.018674951046705246 10
1720606978839 0.027177676558494568 11
1720606985023 0.02659369260072708 12
1720606990907 0.024467892944812775 13
1720606997662 0.025052567943930626 14
1720607003992 0.02433854341506958 15
1720607010074 0.026020323857665062 16
1720607016579 0.0331900529563427 17
1720607022578 0.030454212799668312 18
1720607028525 0.02901548147201538 19
1720607034408 0.028964178636670113 20
1720607040365 0.023518625646829605 21
1720607046220 0.01856011524796486 22
1720607052134 0.02337462455034256 23
1720607058076 0.02703765034675598 24
1720607064315 0.028562508523464203 25
1720607070137 0.029452716931700706 26
1720607076060 0.03194848448038101 27
1720607081927 0.02363341487944126 28
1720607087811 0.022312289103865623 29
1720607093632 0.025799589231610298 30
1720607099617 0.024624422192573547 31
1720607105560 0.025811417028307915 32
1720607111390 0.02401828207075596 33
1720607117223 0.02435298264026642 34
1720607123048 0.030836790800094604 35
1720607128982 0.025323767215013504 36
1720607134809 0.019707588478922844 37
1720607140769 0.022541293874382973 38
1720607146684 0.025549788028001785 39
1720607152558 0.022925306111574173 40
1720607158434 0.02771328017115593 41
1720607164279 0.019668590277433395 42
1720607170185 0.02642618678510189 43
1720607176022 0.024663308635354042 44
1720607181857 0.022023161873221397 45
1720607187750 0.02957746759057045 46
1720607193632 0.023933080956339836 47
1720607199579 0.02769419364631176 48
1720607205363 0.02348276786506176 49
1720607211193 0.019566506147384644 50
1720607217004 0.029010847210884094 51
1720607222929 0.023555375635623932 52
1720607228883 0.02176905982196331 53
1720607234841 0.021795641630887985 54
1720607240666 0.032065194100141525 55
1720607246599 0.019016962498426437 56
1720607252401 0.024527499452233315 57
1720607258302 0.02575121447443962 58
1720607264170 0.02957252599298954 59
1720607270056 0.02104179747402668 60
1720607275971 0.026338551193475723 61
1720607281782 0.02316458895802498 62
1720607287699 0.025645913556218147 63
1720607293614 0.026096541434526443 64
1720607299393 0.019055522978305817 65
1720607305252 0.026941891759634018 66
1720607311062 0.027555223554372787 67
1720607316922 0.0210264865309 68
1720607322776 0.029031535610556602 69
1720607328648 0.030565107241272926 70
1720607334549 0.02384830079972744 71
1720607340379 0.01702534221112728 72
1720607346557 0.01937006041407585 73
1720607352419 0.02197013795375824 74
1720607358261 0.021503852680325508 75
1720607364153 0.018748130649328232 76
1720607369970 0.02712121419608593 77
1720607375798 0.027980023995041847 78
1720607381695 0.027968518435955048 79
1720607387854 0.02665736712515354 80
1720607393720 0.020753156393766403 81
1720607399607 0.026010112836956978 82
1720607405748 0.02861962839961052 83
1720607411571 0.02446296438574791 84
1720607417343 0.02088506892323494 85
1720607423099 0.020977919921278954 86
1720607428946 0.02837926335632801 87
1720607434700 0.020045332610607147 88
1720607440410 0.02249228209257126 89
1720607446189 0.028302893042564392 90
1720607451925 0.023129820823669434 91
1720607457817 0.027147788554430008 92
1720607464193 0.016507534310221672 93
1720607470346 0.02648848481476307 94
1720607476201 0.02172761969268322 95
1720607481971 0.021627988666296005 96
1720607487754 0.027963852509856224 97
1720607493478 0.02851272001862526 98
1720607499286 0.02217935398221016 99
