1720606912111 0.0010000000474974513 0
1720606918140 0.0009500000160187483 1
1720606924529 0.0009025000035762787 2
1720606930794 0.0008573749801144004 3
1720606937161 0.0008145062602125108 4
1720606943113 0.0007737809210084379 5
1720606949096 0.0007350919186137617 6
1720606955302 0.0006983372732065618 7
1720606961199 0.0006634204182773829 8
1720606967079 0.0006302493857219815 9
1720606972936 0.0005987369222566485 10
1720606978839 0.0005688000819645822 11
1720606985023 0.0005403601098805666 12
1720606990907 0.0005133420927450061 13
1720606997662 0.0004876749881077558 14
1720607003992 0.00046329121687449515 15
1720607010074 0.000440126663306728 16
1720607016579 0.00041812032577581704 17
1720607022578 0.0003972143167629838 18
1720607028525 0.0003773536009248346 19
1720607034408 0.00035848593688569963 20
1720607040365 0.00034056161530315876 21
1720607046220 0.000323533546179533 22
1720607052134 0.00030735688051208854 23
1720607058076 0.0002919890102930367 24
1720607064315 0.000277389568509534 25
1720607070137 0.0002635201090015471 26
1720607076060 0.00025034407735802233 27
1720607081927 0.00023782688367646188 28
1720607087811 0.00022593553876504302 29
1720607093632 0.00021463877055794 30
1720607099617 0.00020390682038851082 31
1720607105560 0.0001937114866450429 32
1720607111390 0.00018402590649202466 33
1720607117223 0.00017482461407780647 34
1720607123048 0.0001660833804635331 35
1720607128982 0.00015777921362314373 36
1720607134809 0.00014989025657996535 37
1720607140769 0.00014239574375096709 38
1720607146684 0.0001352759572910145 39
1720607152558 0.00012851215433329344 40
1720607158434 0.00012208655243739486 41
1720607164279 0.00011598222044995055 42
1720607170185 0.00011018310760846362 43
1720607176022 0.00010467395622981712 44
1720607181857 9.944025805452839e-05 45
1720607187750 9.446824697079137e-05 46
1720607193632 8.974483353085816e-05 47
1720607199579 8.525759039912373e-05 48
1720607205363 8.099470869638026e-05 49
1720607211193 7.694497617194429e-05 50
1720607217004 7.309772627195343e-05 51
1720607222929 6.944283813936636e-05 52
1720607228883 6.597070023417473e-05 53
1720607234841 6.267216667765751e-05 54
1720607240666 5.953855361440219e-05 55
1720607246599 5.6561628298368305e-05 56
1720607252401 5.373354724724777e-05 57
1720607258302 5.1046867156401277e-05 58
1720607264170 4.849452670896426e-05 59
1720607270056 4.60697992821224e-05 60
1720607275971 4.376630749902688e-05 61
1720607281782 4.157799412496388e-05 62
1720607287699 3.949909296352416e-05 63
1720607293614 3.752413977053948e-05 64
1720607299393 3.564793223631568e-05 65
1720607305252 3.386553726159036e-05 66
1720607311062 3.217225821572356e-05 67
1720607316922 3.05636458506342e-05 68
1720607322776 2.9035463740001433e-05 69
1720607328648 2.758369009825401e-05 70
1720607334549 2.620450504764449e-05 71
1720607340379 2.4894281523302197e-05 72
1720607346557 2.3649567083339207e-05 73
1720607352419 2.2467087546829134e-05 74
1720607358261 2.134373426088132e-05 75
1720607364153 2.0276547729736194e-05 76
1720607369970 1.9262719433754683e-05 77
1720607375798 1.829958455346059e-05 78
1720607381695 1.7384603779646568e-05 79
1720607387854 1.651537422731053e-05 80
1720607393720 1.5689605788793415e-05 81
1720607399607 1.4905125681252684e-05 82
1720607405748 1.4159869351715315e-05 83
1720607411571 1.3451875929604284e-05 84
1720607417343 1.277928186027566e-05 85
1720607423099 1.2140318176534493e-05 86
1720607428946 1.1533302313182503e-05 87
1720607434700 1.0956637197523378e-05 88
1720607440410 1.0408804882899858e-05 89
1720607446189 9.888364729704335e-06 90
1720607451925 9.393946129421238e-06 91
1720607457817 8.924249414121732e-06 92
1720607464193 8.478036761516705e-06 93
1720607470346 8.05413492344087e-06 94
1720607476201 7.651427949895151e-06 95
1720607481971 7.268856734299334e-06 96
1720607487754 6.905414011271205e-06 97
1720607493478 6.560142992384499e-06 98
1720607499286 6.232136001926847e-06 99
