1720606912111 -0.6066540479660034 0
1720606918140 -0.2295135259628296 1
1720606924529 -0.25594210624694824 2
1720606930794 -0.16759073734283447 3
1720606937161 0.08466625213623047 4
1720606943113 -0.14496612548828125 5
1720606949096 -0.18931639194488525 6
1720606955302 -0.17906928062438965 7
1720606961199 -0.04354739189147949 8
1720606967079 0.035637855529785156 9
1720606972936 -0.0337754487991333 10
1720606978839 -0.12804841995239258 11
1720606985023 0.05471402406692505 12
1720606990907 -0.1417100429534912 13
1720606997662 -0.05567920207977295 14
1720607003992 -0.08906257152557373 15
1720607010074 -0.14268410205841064 16
1720607016579 -0.0678173303604126 17
1720607022578 0.005887508392333984 18
1720607028525 -0.03162050247192383 19
1720607034408 -0.09948158264160156 20
1720607040365 -0.06859230995178223 21
1720607046220 -0.06787431240081787 22
1720607052134 0.048464953899383545 23
1720607058076 -0.10776782035827637 24
1720607064315 -0.08939182758331299 25
1720607070137 0.005235731601715088 26
1720607076060 -0.03453385829925537 27
1720607081927 0.0006451606750488281 28
1720607087811 -0.030157089233398438 29
1720607093632 -0.005124449729919434 30
1720607099617 -0.048413991928100586 31
1720607105560 -0.06508135795593262 32
1720607111390 0.06710636615753174 33
1720607117223 -0.007902979850769043 34
1720607123048 -0.058585524559020996 35
1720607128982 -0.0942392349243164 36
1720607134809 -0.019503474235534668 37
1720607140769 0.022376298904418945 38
1720607146684 0.04254812002182007 39
1720607152558 0.08640772104263306 40
1720607158434 0.0779220461845398 41
1720607164279 0.055936455726623535 42
1720607170185 0.011164844036102295 43
1720607176022 0.07542651891708374 44
1720607181857 0.03553825616836548 45
1720607187750 -0.020877361297607422 46
1720607193632 0.04954260587692261 47
1720607199579 0.026781141757965088 48
1720607205363 0.07866430282592773 49
1720607211193 0.11071062088012695 50
1720607217004 -0.024756908416748047 51
1720607222929 -0.026250720024108887 52
1720607228883 -0.02335810661315918 53
1720607234841 0.0590742826461792 54
1720607240666 -0.06791567802429199 55
1720607246599 0.006531417369842529 56
1720607252401 0.01905113458633423 57
1720607258302 -0.02212977409362793 58
1720607264170 0.011088550090789795 59
1720607270056 0.10338723659515381 60
1720607275971 0.025838494300842285 61
1720607281782 0.05034607648849487 62
1720607287699 0.12028259038925171 63
1720607293614 0.03761023283004761 64
1720607299393 0.0032541751861572266 65
1720607305252 0.038459599018096924 66
1720607311062 0.08046746253967285 67
1720607316922 0.07590430974960327 68
1720607322776 -0.027817249298095703 69
1720607328648 0.038324594497680664 70
1720607334549 0.06375241279602051 71
1720607340379 0.0667564868927002 72
1720607346557 0.09119540452957153 73
1720607352419 0.08496999740600586 74
1720607358261 0.00020396709442138672 75
1720607364153 0.1488271951675415 76
1720607369970 -0.029909610748291016 77
1720607375798 0.045342087745666504 78
1720607381695 0.08787113428115845 79
1720607387854 0.011987626552581787 80
1720607393720 0.10674011707305908 81
1720607399607 -0.060718655586242676 82
1720607405748 -0.01680898666381836 83
1720607411571 0.013515889644622803 84
1720607417343 0.10618650913238525 85
1720607423099 -0.008048534393310547 86
1720607428946 -0.10007858276367188 87
1720607434700 0.07312536239624023 88
1720607440410 0.06683367490768433 89
1720607446189 0.04958140850067139 90
1720607451925 -0.0411607027053833 91
1720607457817 -0.002924680709838867 92
1720607464193 0.19021457433700562 93
1720607470346 -0.10548222064971924 94
1720607476201 0.059963881969451904 95
1720607481971 0.0070313215255737305 96
1720607487754 0.01166599988937378 97
1720607493478 0.017929792404174805 98
1720607499286 0.08420264720916748 99
